0.9052673205947925,0.015420321961068602,0.37489248014351745,1.0,0.0,0.0,0.0,-0.4845651322211443,-2.653318559261479,-0.00828462937293584,-0.31963136376429824,-0.53662936223473,0.3154026684256969,0.42105071625547846,0.0,0.0,0.0,0.0,0.0,0.0,0.0
0.9052673205947925,0.015420321961068602,0.37489248014351745,1.0,0.0,0.0,0.0,-0.4845651322211443,-1.48500001485,-0.00828462937293584,-0.31963136376429824,-0.53662936223473,0.3154026684256969,0.42105071625547846,0.0,0.0,0.0,0.0,0.0,0.0,0.0
0.9053974536401103,0.017575194442940766,0.3772094936087667,1.0026306684162696,0.006889610951486893,-0.0005369430174608426,0.0001483537822495275,-0.48385837663699954,-1.483061696488821,-0.008244631316929204,-0.31941780664505864,-0.5366862016858801,0.315150835978615,0.42070886502111965,-0.0007263586432862221,-0.00029330866111509045,0.0005062746801246421,-0.003154160545445193,0.00035160249443380256,-0.00023364667942256216,-6.735366826344927e-05
0.9167105143643867,-0.12489742968323829,0.30393215128749934,0.953341321511314,-0.268569128898343,0.05701434225343711,-0.06897449644385183,-0.49990055622609403,-1.4815366815955842,-0.009681596397502247,-0.3182901865060532,-0.5108196704789282,0.3147554608179681,0.42231261645287616,0.03138061666891461,0.007997033007735762,-0.023335251868024237,0.09832455859212841,-0.01554917195168606,0.015428542937551916,-0.0019930198353782873
0.9136696240321581,0.058681061936727646,0.39233341319674986,1.06628981305825,0.06501517980585345,-0.009977211108872066,0.006712679754877595,-0.4825818539865123,-1.4554642075615165,-0.008447010443815762,-0.3180297112258999,-0.5322014420688423,0.31369173611547924,0.41894571793825947,0.009846564314601373,-0.002879632221800216,0.002644883364102626,-0.024491782167283965,0.0019530006394536527,0.0002110382004655764,0.00012347123410839123
0.9517864339619962,-0.006595117465904091,0.35955147436020307,1.062725476493032,0.10545749465969911,0.035928865023076524,-0.012543615994026635,-0.4860875764245432,-1.4544676196669832,-0.007130489944916142,-0.3174726060436261,-0.5243958159484908,0.31423394213220074,0.41982207618289796,0.04564893164047061,0.018003076225519544,-0.0034238346462347317,0.043100265466802526,0.00536445356605401,0.00023840274430756905,-0.00014403244811396013
0.9013308370494877,0.0868936982742088,0.34280110071818226,0.9730365558479181,-0.01059375486107103,0.18583552906538267,0.0017896024933342289,-0.4781831305430591,-1.4026878212642555,-0.008180805570473659,-0.31595439454253366,-0.5304435833871443,0.31155587558875164,0.41623229583798466,-0.014006330888408003,0.03616470154734144,-0.0032803280069145873,0.09875509207832714,0.004632753574756113,0.02957864628376046,-0.0003055574539593412
0.9001816453951287,0.14205567354686294,0.409783990066544,1.0509314842362172,0.056394943702247145,0.07564754868649662,0.0017225244925450044,-0.47625284883179614,-1.3495407818512275,-0.008552512946456883,-0.31449606276477154,-0.5265693265477206,0.310255959383399,0.4138347528074737,0.01316663181311813,0.009813930703088003,0.00023258709191286732,0.015270663791786796,0.0016456520565645615,0.013630878025465677,-0.0010250104530170941
0.9127371061112068,0.14293344567470184,0.3901843523476999,1.1041936181880647,0.08797016572281134,0.06758164052193709,0.011478246018879382,-0.4758519685906914,-1.3723379487422052,-0.008606262922396697,-0.31553235285766956,-0.5322441369596764,0.31033904330399287,0.41538121944414963,-0.008706930245237639,0.0013484564860591608,0.005212065200623872,-0.015614446814573824,0.004330727634810892,0.016461796853151595,-0.0008939982645784567
0.9277758457951469,0.06930479783650056,0.4100997747607099,1.1010210423292577,0.10054639119188634,-0.008796710342787298,0.0038110609200974585,-0.48087782417181746,-1.407935088090266,-0.008164885094958992,-0.31644332580579837,-0.5279432974470148,0.3122920058772436,0.4171543773626086,0.023461199141304505,-0.005437341079679428,0.002256217340996585,-0.032530500889238895,0.0020127174220715078,-0.0004802036714190057,-0.00027648593821604883
0.8835967479343202,0.11947465037457977,0.49997102175024527,1.0794767798361813,0.13777084493734607,-0.045037967684607084,-0.0326182269084563,-0.4728309575143778,-1.3302128978716734,-0.0078854818889658,-0.3096574332663224,-0.5070972812524878,0.3064796319313475,0.4078949452411389,0.06395638550357524,-0.013069787102199318,0.005267436171629026,-0.06892078264644969,0.0002849548291769554,0.0020901615038889957,-0.00102673961457649
0.9138163402855698,0.08491504317124257,0.5201582111727864,1.1444310046884731,0.27969428825826653,0.08117180708613644,0.01494395253594763,-0.4716165084076701,-1.2774426034359858,-0.009064801953729476,-0.3050728491383092,-0.5032771182461555,0.3000657042806986,0.4030414419550487,0.03479191931679554,-0.009182406936167687,0.014383470658650841,-0.03189118190982271,0.02072769623702982,0.014396851630382412,-0.0009099149736307044
0.9269607252452182,0.1106227685814355,0.5388578566090996,1.1907360233634743,0.1782193380057736,0.2714243297224124,-0.43503988777918856,-0.46081856939142396,-1.2043502168275835,-0.005865042382911693,-0.2994760152017627,-0.48649187831905955,0.29389497024664757,0.3945553307000038,-0.015171619141178413,0.031257695960061484,-0.006912179585759473,0.015544876762262391,-0.006236848173706455,0.02093300327236955,-0.053139635860584365
0.9250542802494468,0.13195023737829778,0.49968122385967945,1.1648673504308897,0.143743594940275,0.20864040622583824,-0.41335795939744097,-0.4489250343031253,-1.1496895164651144,-0.0050133543393229,-0.29348381940346324,-0.4745398534635827,0.28849516978621303,0.3862174723562573,0.008725670849376074,0.007554181880476376,-0.004251170056561045,-0.004668092563365658,-0.006293156546804412,0.0027570329141959234,-0.016427133217870288
0.9215295335656599,0.0858249556125997,0.5329356550377072,1.1789416914684208,0.17093104543493381,0.21592076649110653,-0.41033616232505427,-0.4362012168944163,-1.1090468837604428,-0.0030446613378258876,-0.2893134320748479,-0.4628898679283419,0.28475723772939066,0.3800087290503114,0.00560470877232028,7.266537539599334e-05,0.006346513608869959,-0.035381614036577365,-0.0012207158247260555,-0.001334178491697556,-0.00252582521186317
0.926696493544804,0.0838967277836424,0.5364534419334114,1.178791788162539,0.18029987167714473,0.21292166124128653,-0.4093917689080135,-0.434007654868847,-1.1013156455967361,-0.002712548931478439,-0.28849028611073485,-0.4607705382303253,0.2839701883640865,0.3788291437131292,0.0075491917815558975,-0.0025618625530303505,0.00817369912546822,-0.03739690305304734,0.0008263126295685957,-0.004955139622770391,8.009327856017216e-05
0.9268062681108735,0.08779731577053525,0.5344538675456438,1.175587510782714,0.1855420218424212,0.20687389517886784,-0.4088658322320986,-0.43363814731357364,-1.0993093868109198,-0.0026600502347522317,-0.288255190855489,-0.46031360651461717,0.28374165472471247,0.3785371693305502,0.009934253010711689,-0.005950902474213527,0.009577157376331283,-0.03674864049624563,0.0023561933695502167,-0.010144560127058475,0.001568976860521546
0.9266091803309773,0.08774378254161276,0.5347127450351379,1.1763709140750098,0.18585300697050136,0.20885451396891141,-0.40956191698825645,-0.4342058540674486,-1.1016094608931646,-0.0027179141756918748,-0.28850351735600993,-0.4608651328765966,0.2839684353892784,0.37889117688675467,0.009389779619574197,-0.005022733022718813,0.009340942890878954,-0.03608154097355029,0.0022692223958621542,-0.00950918538118487,0.0005159410120565765
0.9232168084343687,0.09450774848828597,0.5339632132019918,1.1838635945683997,0.17168810388293126,0.23388232152198388,-0.41728081361906577,-0.44364688529929613,-1.1376626110924875,-0.003942247204873201,-0.292363450841471,-0.4700618238827986,0.2875038454614034,0.3843641376461871,2.887901873130372e-05,0.010209632076832266,0.0021569737144424093,-0.022028198485602057,-0.002882045384466579,0.0073971288728693785,-0.01718382378481493
0.922435207345616,0.09246029823789638,0.5276462527452903,1.1806541306444869,0.14773434307673372,0.21431232774157372,-0.40856953013929387,-0.4387582750329142,-1.1157612568631046,-0.003916956216666325,-0.28999338024398297,-0.46570332256354346,0.285445828720695,0.3808874625208577,-0.003162823697478935,0.0014174903972161527,0.0022697566977899065,-0.03422896233856628,-0.0056490308202442165,0.01165906903609017,-0.002842078051633541
0.9270483894859103,0.09935358649596712,0.5282419198663825,1.1915770964202448,0.17532333480225865,0.1989644057025055,-0.4004299933479157,-0.43402800183125545,-1.095236661959265,-0.003905456618923081,-0.28769328082993684,-0.46170270469398195,0.2831915120132327,0.37756395776296936,-0.004296722655272313,-0.008122187457215997,0.0061934846501755444,-0.03552493912604562,0.0016474876017757963,0.0034920279009367124,0.007112428684241952
0.9270085133876951,0.0966552387090099,0.5260084325118112,1.1941696788039817,0.15117330273618831,0.19557923821555553,-0.39794951911244475,-0.4340735493830547,-1.0924891643401204,-0.004495817619088439,-0.28742044569122543,-0.46199001946489365,0.2830537083899223,0.37700646529983844,-0.013287710341223702,-0.007991998594925566,0.0034823813602030923,-0.0432016874573996,-0.0028122863739036465,0.016882730568524185,0.010406523521987362
0.9254579977107396,0.10109478924013537,0.5203219925548292,1.1806482222571626,0.11452828626117102,0.21165801903288364,-0.4104441262795048,-0.44407605366365266,-1.1303413868834633,-0.005456744934550213,-0.29150398558863216,-0.4711186532844303,0.2868645011540465,0.38291616371554626,-0.020060029524047625,0.005742814027791915,-0.00661080518574798,-0.02387752824961287,-0.012146420265981518,0.027996066092101927,-0.0100571763560644
0.9239346979196777,0.13011976338786144,0.4917853631194553,1.1272596934449992,0.06601148039029177,0.23617093541818396,-0.4420082904088387,-0.4627350169992488,-1.2060540637598094,-0.005639154561540666,-0.29961962929442626,-0.4871459772968052,0.2942241918911032,0.3952238786856994,0.0020179758654441556,0.03501499746488287,-0.025366766252111834,0.03177302703470124,-0.02489289275391776,0.014050151475648988,-0.054684853038887524
0.9238928039367469,0.12078664627348053,0.4884317866861627,1.1363764843784594,0.0662342548418832,0.23625763427395946,-0.43250588867071005,-0.459742267399429,-1.1942581304989524,-0.005435371531852998,-0.2984290169406287,-0.4844483579836265,0.29313247859571284,0.39339556164720696,0.0013435693740179167,0.036519592663260894,-0.02284997540115862,0.020467028801147317,-0.023156158883293754,0.018468845187881076,-0.0454596927442771
0.9241854872951445,0.1424161054783508,0.48058577829566373,1.098536835703567,0.0539619160107466,0.2086897345809537,-0.43689754949762916,-0.4634106772167889,-1.1951090611407462,-0.007912812679504553,-0.2987668791474823,-0.488733209540266,0.29352887398711924,0.3932537745568148,-0.021554724986874066,0.03229914460701646,-0.05422199101570842,0.04345321822736655,-0.03199163783337026,0.0550199692967476,-0.04301950058779888
0.9267634937132847,0.13014704305222535,0.5323253749174022,1.1159256371195856,0.12403104535478639,0.24124464106718066,-0.42946227538375664,-0.4598524817064733,-1.1845273530940048,-0.007902863563372407,-0.2976259782420347,-0.4857050406895195,0.292354170926581,0.3913411721686791,-0.027072480589375045,0.018969737548122378,-0.042705678794071514,0.024810892800733234,-0.018948280662393915,0.05455752513346692,-0.036281826753728104
0.9265879310721097,0.09837617910586227,0.5597000921299653,1.156259335329648,0.19630046753213695,0.24233637086494078,-0.42709982866869123,-0.4371619514453852,-1.1101711503579443,-0.004070381934633627,-0.2894736076564107,-0.4660183315480076,0.28466679386144034,0.3797601776202399,0.005874189353780153,-0.003538516784645611,-0.011367960864696228,-0.003207301715614865,0.004453877727387052,0.015083755301064337,-0.0028354499827892427
0.9273879271762322,0.10922526772785987,0.5694930057824347,1.1592519737002387,0.19754505989065893,0.23798443496557617,-0.4224897935471208,-0.4409466580209702,-1.1187281191673053,-0.005490699485421878,-0.2903989423134622,-0.47018602910911395,0.28561109336727003,0.38084200546573793,-0.008607809598571506,-0.005138054960809588,-0.018950287199262686,0.005045578201773839,-5.104203888531625e-05,0.02788539529194183,-0.006712313076734807
0.9261024931463026,0.11925129641732385,0.525422776488723,1.1336540633401169,0.1349914725314591,0.24746737053617393,-0.4468788129214619,-0.44455934470693714,-1.14109413264774,-0.0034610295407110935,-0.2924562295284432,-0.47231115955498754,0.28735501266392155,0.384876215364017,0.011083142749210781,0.017055285315503477,-0.009188288008404898,0.017533712094037007,-0.006623369409270079,-0.014003126345174113,-0.02686127378072588
0.9224044526875269,0.08122260350191479,0.5230293011578343,1.1517102286799068,0.17546358096207712,0.22506084316003647,-0.36199541749055003,-0.42457749048032006,-1.0634206998542943,-0.0027049331547946195,-0.28401682691129726,-0.4527573570459469,0.2800805591899463,0.3723220689226267,0.0058010933798076,0.012054334609159192,-0.009763709703894546,-0.028916452512662984,0.004061226401675889,0.01825749945330055,0.02925343979060237
0.9208094958767472,0.07399556418726247,0.4981089662974869,1.1600952379315441,0.14740044000553537,0.20532639890359558,-0.3175011944365304,-0.41552102872597424,-1.0281296293946292,-0.0020023850773611576,-0.2799739456506914,-0.44380821415207444,0.276598877167174,0.36646765463738273,0.01181254213031778,0.015327279628613725,-0.009533286918903297,-0.03481792237345721,0.0005631711581937245,0.02362738919603228,0.0354443692117951
0.9218492841800631,0.07840161441685851,0.48883610639154035,1.1711372130838895,0.05156871231610767,0.18376073809882298,-0.38365314027561415,-0.41234143184994065,-0.9728549049484233,-0.0005221133304220175,-0.27446374018172387,-0.43328362342512006,0.26997119174146134,0.3571095437826156,0.010067167534781691,0.049878721963420455,-0.025391723752710288,-0.018394946680665072,-0.007660411777710579,0.033352222012560814,-0.0008621143322744759
0.9210143661749184,0.07475638970860748,0.4919724486134336,1.1624822323813384,0.09762284237203439,0.19270112282061586,-0.3577558724608452,-0.413222776920234,-1.004574083024544,-0.0006491480643956498,-0.2776690581612562,-0.43886837630691505,0.2738273181537895,0.3626538374353089,0.014261540739706757,0.03155756800806599,-0.018580720985348433,-0.026728856400957682,-0.003313669077033957,0.026778863105308002,0.018888410643519923
0.9266144928533157,0.08483921365699633,0.5161774050353543,1.1659363477378544,0.1338283924718813,0.23958049046171678,-0.37082155773508985,-0.42737537777586254,-1.080761280030312,-0.0003336190423283955,-0.28461761895341336,-0.45126834302316,0.2806808834270089,0.37365641221588686,0.014788922356278404,0.016424858116448414,-0.00228937200178643,-0.010172912508296918,-0.00238959307097196,-0.001967978059351592,-0.012856659223316125
0.9284359226575747,0.09433897514089129,0.5074932290539381,1.1360408650120575,0.16011991846350154,0.26701371770842186,-0.3483794286813972,-0.4356585755497565,-1.1259625811965297,-0.0006686444636110161,-0.2888195117367753,-0.4590790714538749,0.2847338287745424,0.38045861440077633,0.025623944527337197,0.01066672180753384,0.011087101332029477,-0.0008551441348542219,0.0017142414324736854,-0.03495474105070656,-0.017794687609368233
0.9247756148080108,0.10085345448263044,0.5086121609557067,1.1007724216682284,0.11952763876391259,0.2671831445280711,-0.44696306440288863,-0.428418226597207,-1.0668001907517755,0.0029486812180997035,-0.2834125424137004,-0.4461940448043522,0.2778058875739334,0.37102877479666646,0.01997857377439452,0.04181898972446063,-0.004906080750528544,0.0031742479442963475,0.006969688525361815,-0.02225478154154687,-0.009634137470110028
0.92264996339602,0.0726402690361999,0.4073359094122677,1.0907318019479797,-0.005155936053755986,0.22062298137862704,-0.4077272788562703,-0.3878858947886259,-0.8717744940100436,0.008331477723758893,-0.26265845197744075,-0.40168664412598415,0.2562298405414491,0.33883350960609543,0.01378363137776351,0.047577694980223066,-0.00964887104365764,-0.02094071986493135,0.005886236867253751,0.015828220601345123,0.02839439058515915
0.9202362883322278,0.1046524897770419,0.48358405670933635,1.0202730131800637,-0.1300896736092479,0.1238280794442468,-0.8022879460034908,-0.3310827655448214,-0.5993248389219703,0.0232612317307737,-0.23252349566422842,-0.3375677298492674,0.21829170665737183,0.28773517720378183,-0.012451794016635756,0.023784371491688758,-0.0029761890257460786,-0.00857392193016607,0.0018619261904711778,0.007026786759830686,0.012386946000341192
0.9214431258641239,0.0886463794066209,0.44545998306080203,1.0555024075640216,-0.06762280483150193,0.17222553041143693,-0.6050076124298807,-0.35948433016672365,-0.735549666466007,0.015796354727266294,-0.2475909738208346,-0.36962718698762576,0.23726077359941045,0.3132843434049386,0.0006659186805638775,0.03568103323595591,-0.00631253003470186,-0.01475732089754871,0.0038740815288624644,0.011427503680587904,0.020390668292750172
0.922046544630072,0.0806433242214104,0.4263979462365349,1.0731171047560006,-0.036389370442628965,0.19642425589503199,-0.5063674456430755,-0.3736851124776748,-0.8036620802380252,0.012063916225512596,-0.2551247128991377,-0.385656915556805,0.24674530707042977,0.32605892650551704,0.007224775029163694,0.04162936410808949,-0.00798070053917975,-0.01784902038124003,0.0048801591980581075,0.013627862140966514,0.02439252943895466
0.922348254013046,0.07664179662880514,0.4168669278244013,1.0819244533519903,-0.020772653248192476,0.2085236186368295,-0.4570473622496729,-0.38078550363315034,-0.8377182871240344,0.010197696974635745,-0.2588915824382892,-0.39367177984139456,0.25148757380593945,0.3324462180558062,0.010504203203463602,0.04460352954415628,-0.008814785791418695,-0.01939487012308569,0.00538319803265593,0.014728041371155819,0.026393460012056905
0.9218630659755471,0.0890511147077047,0.4787909671028898,1.017603757430358,-0.11080378913721692,0.12308648152313999,-0.8595748465827737,-0.33800630159077827,-0.6095700244744386,0.01841915560647433,-0.23168268859008964,-0.3397779406422022,0.2170339402303804,0.2867836577634327,-0.002456637106798127,-0.018028507117655468,0.0026178781626596745,-0.024941593589816603,-0.0041916315249206386,0.017311227540585263,-0.0047897557025112815
0.9221056599942966,0.08284645566825492,0.44782894746364554,1.0497641053911742,-0.0657882211927047,0.16580505007998475,-0.6583111044162233,-0.3593959026119643,-0.7236441557992365,0.014308426290555036,-0.2452871355141894,-0.36672486024179834,0.2342607570181599,0.30961493790961947,0.0040237830483327375,0.013287511213250405,-0.00309845381437951,-0.022168231856451146,0.0005957832538676456,0.01601963445587054,0.010801852154772812
0.9222269570036713,0.07974412614853003,0.43234793764402346,1.0658442793715823,-0.04328043722044858,0.18716433435840713,-0.5576792333329481,-0.3700907031225573,-0.7806812214616354,0.01225306163259539,-0.2520893589762393,-0.3801983200415965,0.24287416541204968,0.32103057798271284,0.00726399312589817,0.028945520378703342,-0.005956619802899103,-0.020781550989768416,0.0029894906432617876,0.01537383791351318,0.01859765608341486
0.9292366259518677,0.08234675427916216,0.4790668686204485,1.0683405062373394,-0.009678583926475186,0.20737370223162344,-0.6986543683899602,-0.388979545505096,-0.8089483035178431,0.0068188705251402346,-0.25345780449858873,-0.3877481162145193,0.2427526050554124,0.32417583486779356,0.015243660869579193,-0.021670966322303427,-0.012012091120052089,-0.009108976151567433,-0.0013190633426588697,0.019010785241755892,-0.003511251904608617
0.9257317914777695,0.08104544021384609,0.45570740313223596,1.0670923928044609,-0.026479510573461883,0.19726901829501528,-0.6281668008614542,-0.3795351243138267,-0.7948147624897393,0.009535966078867811,-0.25277358173741404,-0.3839732181280579,0.24281338523373103,0.3226032064252532,0.011253826997738681,0.0036372770281999575,-0.008984355461475597,-0.014945263570667925,0.000835213650301459,0.017192311577634536,0.007543202089403121
0.9239793742407204,0.08039478318118806,0.44402767038812974,1.0664683360880216,-0.034879973896955234,0.1922166763267112,-0.5929230170972012,-0.374812913718192,-0.7877479919756873,0.010894513855731602,-0.25243147035682667,-0.3820857690848272,0.24284377532289037,0.321816892203983,0.009258910061818426,0.01629139870345165,-0.007470487632187349,-0.01786340728021817,0.0019123521467816233,0.016283074745573858,0.013070429086408989
0.9231031656221959,0.08006945466485905,0.4381878040160766,1.066156307729802,-0.039080205558701904,0.18969050534255916,-0.5753011252150746,-0.3724518084203747,-0.7842146067186614,0.011573787744163495,-0.252260414666533,-0.3811420445632118,0.24285897036747,0.32142373509334793,0.008261451593858299,0.022618459541077496,-0.006713553717543226,-0.019322479134993294,0.0024509213950217055,0.01582845632954352,0.015834042584911924
0.9226650613129336,0.07990679040669454,0.43526787083005003,1.066000293550692,-0.041180321389575246,0.18842741985048314,-0.5664901792740114,-0.37127125577146597,-0.7824479140901485,0.011913424688379443,-0.2521748868213861,-0.3806701823024042,0.24286656788975985,0.3212271565380304,0.0077627223598782345,0.02578198995989042,-0.006335086760221165,-0.020052015062380853,0.0027202060191417465,0.015601147121528349,0.017215849334163393
0.9224460091583024,0.07982545827761228,0.43380790423703675,1.0659222864611373,-0.04223037930501191,0.18779587710444515,-0.5620847063034797,-0.37068097944701167,-0.7815645677758919,0.012083243160487417,-0.2521321228988127,-0.3804342511720003,0.24287036665090475,0.3211288672603716,0.007513357742888202,0.02736375516929688,-0.0061458532815601334,-0.020416783026074636,0.002854848331201767,0.015487492517520764,0.017906752708789126
0.9223364830809869,0.07978479221307117,0.4330779209405301,1.0658832829163598,-0.04275540826273025,0.18748010573142612,-0.5598819698182139,-0.37038584128478447,-0.7811228946187637,0.012168152396541404,-0.252110740937526,-0.3803162856067984,0.2428722660314772,0.3210797226215422,0.007388675434393186,0.02815463777400011,-0.006051236542229619,-0.020599167007921526,0.002922169487231777,0.015430665215516972,0.018252204396101993
0.9222817200423291,0.07976445918080059,0.4327129292922768,1.065863781143971,-0.043017922741589415,0.18732222004491664,-0.5587806015755811,-0.3702382722036709,-0.7809020580401995,0.012210607014568397,-0.2521000499568827,-0.38025730282419745,0.24287321572176346,0.32105515030212756,0.007326334280145678,0.028550079076351726,-0.006003928172564361,-0.02069035899884497,0.0029558300652467824,0.015402251564515076,0.018424930239758424
0.9222543385230002,0.07975429266466531,0.4325304334681501,1.0658540302577766,-0.043149179981019,0.18724327720166187,-0.5582299174542645,-0.3701644876631141,-0.7807916397509175,0.012231834323581893,-0.25209470446656096,-0.38022781143289697,0.24287369056690655,0.32104286414242017,0.007295163703021924,0.028747799727527536,-0.005980273987731732,-0.020735954994306693,0.002972660354254285,0.015388044739014128,0.01851129316158664
0.9307670299337969,0.07944328581560724,0.47235372475240706,1.0786332907677008,-0.028651859539298344,0.1993834594007733,-0.691336068731307,-0.3792462889535889,-0.777257855944301,0.008006773094120005,-0.24950265931076787,-0.38020149828117145,0.23876828684940388,0.31768582312639987,0.012121755233754632,-0.025654251642176988,-0.009499917973413973,-0.008384666094522618,-0.0017916538454266287,0.0260848407660599,-0.001850901166016123
0.9265106842283986,0.07959878924013628,0.45244207911027856,1.0722436605127388,-0.03590051976015867,0.1933133683012176,-0.6247829930927857,-0.3747053883083515,-0.7790247478476092,0.01011930370885095,-0.25079868188866444,-0.3802146548570342,0.24082098870815521,0.31936434363441,0.009708459468388279,0.0015467740426752738,-0.007740095980572852,-0.014560310544414656,0.0005905032544138281,0.020736442752537013,0.00833019599778526
0.9243825113756994,0.07967654095240079,0.44248625628921434,1.0690488453852576,-0.03952484987058884,0.19027832275143972,-0.5915064552735252,-0.3724349379857328,-0.7799081937992633,0.01117556901621642,-0.2514466931776127,-0.3802212331449656,0.24184733963753088,0.3202036038884151,0.0085018115857051,0.015147286885101405,-0.006860184984152292,-0.017648132769360676,0.0017815818043340566,0.018062243745775572,0.01342074457968595
0.9233184249493498,0.07971541680853306,0.43750834487868223,1.0674514378215172,-0.04133701492580392,0.1887607999765508,-0.5748681863638948,-0.3712997128244235,-0.7803499167750905,0.011703701669899157,-0.2517706988220868,-0.3802245222889313,0.24236051510221873,0.32062323401541765,0.007898487644363513,0.02194754330631447,-0.006420229485942012,-0.019192043881833685,0.002377121079294171,0.016725144242394848,0.015966018870636298
0.922786381736175,0.07973485473659918,0.4350193891734162,1.0666527340396468,-0.042243097453411455,0.18800203858910633,-0.5665490519090797,-0.3707321002437688,-0.7805707782630039,0.011967767996740524,-0.2519327016443239,-0.38022616686091415,0.24261710283456264,0.3208330490789189,0.0075968256736927186,0.025347671516921,-0.006200251736836872,-0.019963999438070187,0.0026748907167742277,0.016056594490704488,0.017238656016111468
0.9225203601295876,0.07974457370063225,0.43377491132078316,1.0662533821487117,-0.042696138717215226,0.1876226578953841,-0.5623894846816722,-0.3704482939534414,-0.7806812090069607,0.01209980116016121,-0.2520137030554424,-0.38022698914690556,0.24274539670073458,0.32093795661066954,0.007445994688357321,0.02704773562222427,-0.006090262862284302,-0.02034997721618844,0.0028237755355142564,0.015722319614859308,0.017874974588849055
0.922387349326294,0.07974943318264878,0.43315267239446664,1.0660537062032442,-0.04292265934911711,0.18743296754852298,-0.5603097010679683,-0.37030639080827776,-0.7807364243789391,0.012165817741871551,-0.2520542037610017,-0.38022740028990126,0.24280954363382057,0.32099041037654485,0.007370579195689623,0.027897767674875902,-0.0060352684250080165,-0.020542966105247567,0.002898217944884271,0.015555182176936718,0.01819313387521785
0.9223208439246471,0.07975186292365705,0.4328415529313084,1.0659538682305103,-0.043035919665068055,0.18733812237509243,-0.5592698092611165,-0.37023543923569596,-0.7807640320649283,0.012198826032726722,-0.2520744541137813,-0.3802276058613991,0.24284161710036356,0.3210166372594825,0.007332871449355773,0.02832278370120172,-0.006007771206369875,-0.020639460549777132,0.0029354391495692777,0.015471613457975424,0.018352213518402244
0.9222875912238236,0.07975307779416119,0.4326859931997292,1.0659039492441436,-0.04309254982304353,0.18729069978837715,-0.5587498633576905,-0.37019996344940503,-0.7807778359079229,0.012215330178154307,-0.25208457929017114,-0.38022770864714805,0.24285765383363506,0.32102975070095136,0.007314017576188848,0.028535291714364627,-0.005994022597050803,-0.020687707772041913,0.0029540497519117814,0.015429829098494776,0.018431753339994444
0.9222709648734119,0.07975368522941324,0.4326082133339397,1.06587898975096,-0.043120864902031264,0.18726698849501952,-0.5584898904059775,-0.37018222555625957,-0.7807847378294202,0.012223582250868099,-0.2520896418783661,-0.3802277600400225,0.2428656722002708,0.32103630742168576,0.007304590639605387,0.02864154572094608,-0.005987148292391268,-0.0207118313831743,0.002963355053083033,0.01540893691875445,0.01847152325079054
0.9222626516982061,0.07975398894703928,0.4325693234010449,1.0658665100043683,-0.04313502244152513,0.1872551328483407,-0.558359903930121,-0.3701733566096868,-0.7807881887901689,0.012227708287224996,-0.2520921731724635,-0.3802277857364597,0.2428696813835887,0.32103958578205294,0.007299877171313655,0.02869467272423681,-0.0059837111400615,-0.0207238931887405,0.0029680077036686593,0.01539849082888429,0.01849140820618859
0.9230625145974511,0.07908019144699016,0.4699062238497291,1.092114719698712,-0.025860628492358664,0.21852810883069856,-0.5677188439411812,-0.369787513908423,-0.7812108007049445,0.012326833052396942,-0.25122945765119103,-0.3790286134084262,0.24115210050502225,0.3212950788428206,0.010715836717739182,0.002419341764955063,-0.008560350795543247,-0.0005329107641171386,0.008323651432033537,0.007242089205047953,0.011119491994061332
0.9226625831478286,0.07941709019701472,0.451237773625387,1.0789906148515402,-0.0344978254669419,0.20289162083951964,-0.5630393739356512,-0.3699804352590549,-0.7809994947475567,0.012277270669810969,-0.2516608154118273,-0.379628199572443,0.24201089094430547,0.32116733231243677,0.009007856944526419,0.015557007244595937,-0.0072720309678023735,-0.010628401976428819,0.0056458295678510975,0.011320290016966121,0.014805450100124962
0.9224626174230174,0.079585539572027,0.44190354851321595,1.0724285624279541,-0.038816423954233514,0.19507337684393017,-0.5606996389328861,-0.3700768959343709,-0.7808938417688628,0.012252489478517982,-0.25187649429214537,-0.3799279926544513,0.24244028616394708,0.32110345904724485,0.008153867057920037,0.022125839984416373,-0.006627871053931937,-0.01567614758258466,0.004306918635759879,0.013359390422925206,0.016648429153156778
0.9223626345606117,0.07966976425953314,0.43723643595713046,1.0691475362161613,-0.04097572319787932,0.19116425484613542,-0.5595297714315035,-0.3701251262720288,-0.7808410152795158,0.012240098882871489,-0.25198433373230444,-0.38007788919545554,0.2426549837737679,0.3210715224146489,0.007726872114616846,0.02541025635432659,-0.006305791096996718,-0.01820002038566258,0.003637463169714269,0.014378940625904748,0.017569918679672683
0.9223126431294089,0.07971187660328621,0.4349028796790877,1.0675070231102648,-0.04205537281970223,0.18920969384723807,-0.5589448376808123,-0.3701492414408578,-0.7808146020348423,0.012233903585048243,-0.252038253452384,-0.3801528374659576,0.2427623325786783,0.3210555540983509,0.00751337464296525,0.0270524645392817,-0.006144751118529109,-0.01946195678720154,0.003302735436691464,0.01488871572739452,0.01803066344293064
0.9227756619561982,0.08373087662552088,0.48434785199334324,1.0907476521871537,-0.019398667004316972,0.2180326492817579,-0.5663952491115833,-0.3692991098048045,-0.7806778157833727,0.012496333223347878,-0.2508087275078757,-0.37823250809413955,0.24047780767905202,0.3211860236236607,0.016210273164588132,-0.011158579545344403,-0.010310058173883429,0.006922770022214402,0.006561014729970726,-0.0018773379443668414,0.008126479120593694
0.9157117703239249,0.08742881487466786,0.4697348356281054,1.0567763590180952,-0.0015149324857625067,0.20949747862961232,-0.5656960755130348,-0.36908005338877514,-0.7777137424121907,0.014760416908141023,-0.2506149224787112,-0.3736131617429465,0.240467604412165,0.320926621611031,0.047684499111968134,-0.029100483336508613,-0.003358377858128067,0.0056164483543840555,0.003704134815529669,-0.026505446249274874,0.008068496908608455
0.9174977623611326,0.0813754197841206,0.4650447912342394,1.0601199243327875,-0.004851288179155675,0.223039826883033,-0.573192089227401,-0.3680828681578738,-0.7772259745988038,0.015017067709959772,-0.25056589072505486,-0.3729752057397371,0.24043448613953528,0.32098714120976846,0.044935842291836225,-0.016420445119850843,-0.004428305901842767,0.0051753080319618195,0.00617177902938109,-0.020208071075769232,0.003616096434928118
0.9137917027216004,0.07566296237055675,0.5038671189502252,1.0575009532861799,0.0263189957934558,0.24338958975586175,-0.5759222135058064,-0.36640037139387427,-0.7751891509467456,0.01548026917838709,-0.25046894022017363,-0.3712314371315072,0.2403569116549947,0.3207682854619954,0.040537079828612,-0.029369151591015785,0.009544468736839729,-0.003129688504687848,0.014568268468179105,-0.02224449373615585,0.002562644411228116
0.9122237943961652,0.07411188674354101,0.5082888401462482,1.0517640359182323,0.02137549438496782,0.23780433108977725,-0.5727934318689429,-0.36605127335617826,-0.7748141358656309,0.015607427271445326,-0.2504274706060173,-0.3709639645125318,0.24033644195214945,0.3207003380623499,0.04029164414406271,-0.0319273574799967,0.008589122481590751,-0.004085907123035945,0.01251594866018978,-0.023107697508595627,0.0025653997968045246
0.9139481596972066,0.0736493773111886,0.5069255904483351,1.0559261200026804,0.025891960927334853,0.24330939995705053,-0.5751840542522408,-0.36622822902995034,-0.7750194026473789,0.015542052726099686,-0.25046196321039205,-0.3710774655143612,0.24035459476014298,0.3207511913309701,0.039927593325240984,-0.03042736776398332,0.009865606352438792,-0.0034278525665618438,0.014471926558497692,-0.022403546085343316,0.0025344877829783967
0.9138822417397517,0.07348697070741164,0.5068368268528434,1.055544333397681,0.025498124634386787,0.24262745775968345,-0.5749707356181406,-0.3662098275645169,-0.7749986244289693,0.015548915405078427,-0.25045870456030467,-0.37106519545006555,0.24035248236603896,0.3207461423096307,0.03986457885812188,-0.03050123087583,0.009726033715089816,-0.0034103317049515277,0.014275908766533287,-0.022516960273764042,0.0025388156878627653
0.9156447325413665,0.07851919107733868,0.48445595509223227,1.0588104388094837,0.010733853807150062,0.23321470831944738,-0.5745571513666037,-0.367241619775874,-0.7762075627727747,0.01524866844417343,-0.25051741547261425,-0.37210332143562214,0.24039569889726498,0.3208777133358819,0.042736461060224114,-0.022894798355433316,0.0025580814174984813,0.0010228097636369856,0.010370023748780098,-0.02122628240596254,0.003089370423078117
0.9142583815087109,0.0902006309960503,0.5225388094908037,1.0627456042457335,0.06806991257087446,0.254928178542749,-0.5841380845088879,-0.3654263881717004,-0.7736111955656689,0.01562049473899445,-0.2503913458851199,-0.3703121683520574,0.24035590837602838,0.32052422414608284,0.04527578999843827,-0.037086554071344,0.025458223084770554,-0.008874002283249988,0.025011964512238794,-0.028794220217621062,0.0014071384975127645
0.9105495305846205,0.07916341587397273,0.5293444071036366,1.0617340521463108,0.05086877387911998,0.26560717894826347,-0.5802086721976276,-0.36553547882166787,-0.7738256580727056,0.015608686851556353,-0.25039154776696215,-0.37031707469584707,0.24034708157173945,0.32056231434976673,0.040255455533375575,-0.03455180827116205,0.021754750190199904,-0.011165920364090583,0.02237200938580328,-0.018676677330478942,0.0016601981603514477
0.9107046493089839,0.04239322891661506,0.5809062196572976,1.0864237006787498,0.18184009467438275,0.32953830217020014,-0.6392387409323489,-0.36184941787176744,-0.7487430980258358,0.018002323027918543,-0.2490803609058757,-0.3617815203173277,0.24058402004509713,0.31725591278667276,0.05000836012644302,-0.032121804615725044,0.04591741407524001,-0.027504646561509288,0.02553664729763303,-0.012759333348255459,-0.005866031842785797
0.9187145178904831,-0.023639648538387507,0.6429198232317531,1.1307984342344217,0.48369915861208623,0.40320408715765005,-0.7863727037544519,-0.35660552051035777,-0.6876309736401053,0.022704826226793172,-0.24559535504402225,-0.3440650723303373,0.24090169540219467,0.3089406339981619,0.06678654498532474,-0.02134352125159569,0.05522913415620191,-0.0359458499968035,0.012112342946968222,-0.020133330246532653,-0.016959721670084246
0.9223259592721994,0.0418262452436626,0.5242378352204209,1.1587014306999737,0.13427782812256608,0.3308834204108867,-0.505732206051969,-0.3703932852368122,-0.7705694977179058,0.012632861605804794,-0.2498060027261044,-0.37170579446886065,0.24101821359634626,0.31867770712637955,0.021514828418582464,-0.04309693511329875,0.0775969106538203,-0.015039767479586956,0.029759036602323242,-0.016445400723665904,0.050140997054174005
0.9105109090721516,0.04633628868978376,0.5676391036258444,1.0636172685933394,0.15807079812173316,0.3172939734399041,-0.6631247253708514,-0.3615868481004346,-0.7474101292914551,0.01851473594262346,-0.24901114671413999,-0.3612714823660233,0.24052236138992825,0.3172377907625954,0.053482961808611076,-0.025882435053003777,0.03175582581076647,-0.02421136968228552,0.016467972078248364,-0.012620452521659685,-0.0208793361819688
0.915602446539076,-0.015639782739423173,0.6446859253247865,1.1737004752416234,0.44939549358312914,0.387336727115137,-0.6720290246127366,-0.3508823819003668,-0.7169176288071762,0.02189231246217488,-0.24659899959600495,-0.34633077864554135,0.24077777477268011,0.31105081619138425,0.047562818654879976,-0.023753302383318645,0.09472694228407504,-0.04438672855143068,0.028226354652474354,-0.00466893564367068,0.029447127979115938
0.9095887886760358,0.03589968061866536,0.582176636701817,1.0924800482559476,0.20941128588723773,0.3189101943097782,-0.636946964247791,-0.35585992940243116,-0.7494535093476953,0.019708862219500738,-0.24874001643619442,-0.3574054040135202,0.24051065805548066,0.3164353100740782,0.04900531641831318,-0.025369361460602646,0.05207176188171487,-0.0313424315654112,0.021443239976261727,-0.006458985916998109,0.002390497498248132
0.9078816987316894,0.033611170676454735,0.5676317710391215,1.1019061793363574,0.19161144414543327,0.2938254134845248,-0.5947811436232121,-0.3503358200709182,-0.754511135238465,0.021179494709834216,-0.2489323256996086,-0.35523640897269315,0.24053152088269975,0.3166040182697822,0.04948107323814981,-0.019630997127656456,0.048537332587613766,-0.03483173681484319,0.021893161161673957,0.0016094964787622791,0.023852829243639618
0.9205703843913171,0.04953965563531865,0.5152204195647395,1.028663875063653,0.10645245930567794,0.33070505246853077,-0.7357825791410757,-0.3708044023875823,-0.743844031190338,0.017411600043936274,-0.24861193067314646,-0.36109155972130214,0.23956518616760378,0.31782511669466185,0.05227850439977544,-0.03092082348110977,0.002258481421658111,-0.00836232970959852,-0.011757522409257423,-0.04083069037147405,-0.07429368163485384
0.9081373533505185,0.0339710647490694,0.5665550127889029,1.100395249723942,0.18970039058883573,0.2945847232867128,-0.597633861562143,-0.35072126546425786,-0.7544052679667059,0.02110831607910648,-0.2489276329426811,-0.3553378299291596,0.24050625954401642,0.3166374656165786,0.049455767429330305,-0.019839111464010937,0.047626239894922574,-0.034329854455087454,0.021204953784828406,0.0008066437819374077,0.021835951641033267
0.9205734444517375,0.04958118446744171,0.5151578785970693,1.0285692947412675,0.10626399289284011,0.330685231115963,-0.7358408453288596,-0.37082362845735756,-0.7438385864010217,0.017406721058030337,-0.2486129165299903,-0.36110715420475636,0.23956603220449244,0.317827417357235,0.05228570500742553,-0.030914407965252202,0.0022104965612592606,-0.008332570746600803,-0.011773536825824164,-0.040844217145694986,-0.07435641468091098
0.9142260415615033,0.04157541315588669,0.5414260953019305,1.0652850272000052,0.1490319517255556,0.31226523297652775,-0.6652818613821438,-0.36057011122925026,-0.7491775832144015,0.019295547376885245,-0.24877212818637753,-0.35816398434699764,0.24004835352515175,0.317214567482222,0.05087978881896262,-0.025275910304383115,0.02539790700463594,-0.021597033262220854,0.005067819376208267,-0.019610596946355887,-0.025220426195607108
0.9106756520167727,0.039738366976832105,0.5380450494544544,1.0769972054839734,0.14895496593245067,0.31005601618518747,-0.6496145637876535,-0.3597688665003588,-0.747418342950216,0.01937391586330847,-0.24838777203435464,-0.3573291434844154,0.23969377916089338,0.3167030015879171,0.045086618388101504,-0.02099245373854957,0.020660337000128943,-0.02438877287690829,0.004249417829237076,-0.013484406401203955,-0.013143262394036105
0.9079350988055329,0.0422521172712229,0.5297468421102344,1.082560840413475,0.15405491321975806,0.30404931081491254,-0.6397176360320075,-0.3591894370514878,-0.7459907682020823,0.019495311978030408,-0.2481264661267455,-0.35654988122842846,0.2394790793292505,0.3163165429425927,0.04277636171144842,-0.016873766813163223,0.017578223308358697,-0.025392035883859663,0.0035273301390002752,-0.0115425407738633,-0.004450622685812521
0.9151479265890908,0.04234118697915832,0.5498445590295916,1.0644163042801935,0.16986088541994673,0.31335335577953555,-0.6593586583375302,-0.3609919880853748,-0.748366774983036,0.019277217403310457,-0.24878775983270326,-0.3573813929629099,0.2401352799210845,0.31698674501958757,0.04894324580117776,-0.03426967404300137,0.03455316355164188,-0.02264059679739344,0.011773180177930012,-0.014980556669355986,-0.0188339840766946
0.9151721907381442,0.041987772986534756,0.5505602667698082,1.062922304762662,0.16685050808176513,0.31435513155920614,-0.6620175347195358,-0.36102657954535794,-0.7487031581005097,0.019288046312763114,-0.24884811478714455,-0.35756659980159805,0.24018517550663118,0.3170970062321656,0.05028891120301691,-0.034331166301605306,0.034367571283456605,-0.022581042444740608,0.011179919068802183,-0.015919363386930306,-0.021219339071195206
0.9152725095694135,0.042040306520389197,0.5508129739000738,1.0628755519575268,0.16725835369815298,0.31444173423291616,-0.6619874389277234,-0.36104176380351,-0.7486981120556664,0.019284664901628716,-0.24884967980484818,-0.35755901850953326,0.2401875426997574,0.31709440509128795,0.050254249357499406,-0.03453671490684035,0.03457367670606726,-0.022596504178035798,0.011330966409256661,-0.015830293870776956,-0.02117174759192486
0.9115415126973119,0.04229665212519061,0.539795700569913,1.0734885723468344,0.1619578993198524,0.30870133329722405,-0.6495381471847688,-0.3600907125684313,-0.7471787715925592,0.019386264690670434,-0.24845711297972436,-0.3569656370956692,0.23980717962516748,0.31665164398109014,0.04585980375631309,-0.025571720428082298,0.02606569343000029,-0.02401631634062655,0.007650255158465144,-0.013261548721609643,-0.01164230338125356
0.9188962798332315,0.03330903444909261,0.548224371180541,1.075316975573325,0.17451007793655537,0.30946579708986927,-0.6402881909394732,-0.35745226611395875,-0.7440477859406458,0.02072233127171496,-0.24838490384158757,-0.3539370715894508,0.2398396946442747,0.3163113347471718,0.049602412733631224,-0.030688309900182235,0.031973396860891394,-0.028462512666330486,0.012081221225345988,-0.009950159638894248,-0.003408915930496916
0.9210125598282338,0.03209712747534571,0.5548445661155788,1.0645972933524557,0.1750216079547314,0.31477446696227535,-0.6550000005539253,-0.35793270565756735,-0.7453553000093134,0.02082360870893495,-0.24876783403733957,-0.35432462401913306,0.24021404971152324,0.31677362510155804,0.0547948045315219,-0.03564980968514136,0.037998869586938655,-0.026926054220922986,0.01399192611419332,-0.01328532715851785,-0.014545709208806639
0.9152188962652718,0.03780284328714161,0.544010035875227,1.0744027739600797,0.1682339886282039,0.3090835651935466,-0.6449131690621209,-0.358771489341195,-0.7456132787666024,0.020054297981192695,-0.24842100841065598,-0.35545135434256,0.2398234371347211,0.31648148936413095,0.047731108244972155,-0.028130015164132265,0.02901954514544584,-0.02623941450347852,0.009865738191905565,-0.011605854180251946,-0.007525609655875238
0.9133802044812918,0.04004974770616611,0.54190286822257,1.0739456731534571,0.16509594397402816,0.30889244924538534,-0.6472256581234449,-0.3594311009548131,-0.7463960251795808,0.019720281335931567,-0.24843906069519017,-0.3562084957191146,0.2398153083799443,0.31656656667261057,0.046795456000642624,-0.02685086779610728,0.027542619287723065,-0.025127865422052535,0.008757996675185354,-0.012433701450930795,-0.009583956518564399
0.9124608585893018,0.04117319991567836,0.5408492843962415,1.0737171227501456,0.16352692164694027,0.3087968912713047,-0.6483819026541068,-0.3597609067616222,-0.74678739838607,0.019553273013301,-0.24844808683745725,-0.3565870664073919,0.23981124400255588,0.3166091053268503,0.04632762987847786,-0.02621129411209479,0.02680415635886168,-0.02457209088133954,0.008204125916825249,-0.01284762508627022,-0.010613129949908979
0.9120011856433069,0.041734926020434486,0.5403224924830773,1.07360284754849,0.16274241048339635,0.3087491122842644,-0.6489600249194378,-0.35992580966502674,-0.7469830849893146,0.019469768851985716,-0.2484525999085908,-0.35677635175153055,0.2398092118138617,0.31663037465397026,0.04609371681739548,-0.025891507270088543,0.026434924894430983,-0.024294203610983046,0.007927190537645196,-0.013054586903939932,-0.01112771666558127
0.9117713491703093,0.04201578907281255,0.5400590965264951,1.0735457099476622,0.16235015490162438,0.3087252227907442,-0.6492490860521033,-0.360008261116729,-0.7470809282909369,0.019428016771328077,-0.2484548564441576,-0.3568709944235999,0.2398081957195146,0.3166410093175302,0.04597676028685428,-0.02573161384908542,0.026250309162215636,-0.0241552599758048,0.00778872284805517,-0.013158067812774787,-0.011385010023417415
0.9116564309338107,0.04215622059900158,0.539927398548204,1.0735171411472484,0.1621540271107384,0.30871327804398413,-0.649393616618436,-0.36004948684258015,-0.747129849941748,0.019407140730999254,-0.24845598471194097,-0.3569183157596345,0.23980768767234104,0.31664632664931014,0.04591828202158369,-0.02565166713858386,0.026158001296107965,-0.024085788158215674,0.007719489003260157,-0.013209808267192215,-0.011513656702335487
0.9115989718155613,0.042226436362096095,0.5398615495590585,1.0735028567470413,0.1620559632152954,0.30870730567060406,-0.6494658819016024,-0.36007009970550574,-0.7471543107671537,0.019396702710834844,-0.24845654884583268,-0.35694197642765185,0.23980743364875426,0.31664898531520014,0.04588904288894839,-0.02561169378333308,0.026111847363054125,-0.024051052249421112,0.0076848720808626505,-0.013235678494400929,-0.011577980041794523
0.9115702422564366,0.042261544243643354,0.5398286250644858,1.073495714546938,0.1620069312675739,0.3087043194839141,-0.6495020145431856,-0.3600804061369685,-0.7471665411798564,0.01939148370075264,-0.2484568309127785,-0.35695380676166055,0.23980730663696087,0.31665031464814514,0.04587442332263074,-0.025591707105707687,0.026088770396527208,-0.02403368429502383,0.007667563619663897,-0.013248613608005286,-0.011610141711524042
0.9115061192889902,0.04235894051431443,0.5426680306283567,1.0733416696084117,0.16463802706328437,0.3100354852323912,-0.6490789280384095,-0.36033038751424223,-0.747256866209448,0.019306847478485472,-0.24847710379878526,-0.35701004345272996,0.23983207376043014,0.31664502391825605,0.04539455918165495,-0.027677358163695594,0.027865870196427264,-0.024308267550298426,0.008922735533369957,-0.012098037906239204,-0.011193741689030088
0.9108087231354125,0.041742060831809716,0.5429542560981101,1.0776275799469681,0.16841898816805337,0.30848210981862323,-0.6406253770218502,-0.3595269392214703,-0.7459359186550871,0.019583224634216384,-0.24831083799512954,-0.35613110888136046,0.23971634077850912,0.3163669112680953,0.044536455286161326,-0.027707891195899392,0.027654462301848003,-0.02611302858445557,0.009571167781774446,-0.00992666859903106,-0.00441732383907975
0.9108705281258768,0.041478652027147546,0.5450990653282273,1.0788445182783317,0.1729169836782594,0.3097631923655445,-0.6396901575213272,-0.3596664364121681,-0.7459177440506727,0.01955419686741117,-0.24832044328319916,-0.35599420848590085,0.23971793971432162,0.3163387405229829,0.044759932031045446,-0.030372386543645134,0.030083821800904895,-0.026702523081543243,0.011188658324574061,-0.009576721925655111,-0.002981145362092635
0.9107702015660074,0.04150714611840861,0.5454399768978325,1.0794508335440964,0.17399005465945075,0.3098791312740206,-0.638233375494884,-0.3591902281000198,-0.7453763476588705,0.019741998713176202,-0.2482832704751025,-0.35561504579403663,0.23970855383457512,0.3162629993742912,0.04474948538740821,-0.02998200252470455,0.030455627793468835,-0.02676756071967314,0.011383293400941142,-0.009889206787723266,-0.0018401314868897807
0.9106882805034017,0.0415625803818972,0.545513861764515,1.0794411360223328,0.17459462956061308,0.30998650877157036,-0.6373924227780027,-0.3588248699645253,-0.7449417338135746,0.019894233139970068,-0.24825611856171698,-0.35529488353162025,0.23970766833208948,0.3161974391272463,0.04468706550235008,-0.029674857319085434,0.030532057744184264,-0.02680962992801818,0.011361029187407974,-0.009900223165611479,-0.0014684899227506826
0.9106694009225759,0.04157797739514759,0.545540787563697,1.0794845426162492,0.17474104398063284,0.3099772560543318,-0.6371813115907895,-0.35873164344871905,-0.7448373848978618,0.019936025641681097,-0.248250273234173,-0.35521398453744174,0.23970745998958673,0.3161863944886566,0.044673805191990816,-0.02962662925037002,0.030597113916017375,-0.026825671807869544,0.011398735525703767,-0.009924803865790813,-0.0013095879407333448
0.9106632551103699,0.0415849328512146,0.5455533804827645,1.0794670767107115,0.17478401200609517,0.31000410611210083,-0.6371452604317611,-0.3586986846656823,-0.7447991725795317,0.01994839164167048,-0.24824801712642133,-0.35518909857152464,0.23970958345117724,0.31618017986429153,0.04466175705721639,-0.02959323325862604,0.030625072095349974,-0.02682980007395308,0.011398412932908992,-0.00993175574085639,-0.001237886385011143
